"ID","County","Well","Longitude","Latitude","Easting (miles)","Northing (miles)","Land Surface Elevation (ft)","Water Table Elevation (ft)","Water Depth (ft)"
15,23,1,-101.81142,39.85008,33.02509,211.16249,3452,3338.50,113.5
16,23,1,-101.91428,39.85569,27.60393,211.75963,3620,3419,201
17,23,1,-101.99337,39.87411,23.47554,213.19019,3693,3460.5,232.5
18,23,1,-101.5231,39.78301,48.10212,206.00024,3468,3239.24,228.76
19,23,1,-101.46943,39.77213,50.91596,205.15459,3422,3203.78,218.22
20,23,1,-101.41579,39.7522,53.70786,203.69003,3381,3179.6,201.4
21,23,1,-101.7155,39.77577,37.90396,205.87445,3450,3308.16,141.84
22,23,1,-101.63829,39.77219,41.98035,205.47758,3505,3285,220
23,23,1,-101.72499,39.75221,37.34115,204.27779,3490,3335.8,154.2
24,23,2,-101.8163,39.81381,32.67124,208.68553,3358,3337.5,20.5
27,23,1,-101.7719,39.75399,34.86293,204.49368,3445,3343.85,101.15
28,23,1,-101.92149,39.79765,27.06479,207.7953,3570,3435.66,134.34
29,23,1,-101.92631,39.75594,26.69602,204.94556,3594,3420.5,173.5
30,23,1,-102.0311,39.82898,21.35551,210.17715,3727,3495.9,231.1
31,23,1,-101.44409,39.71238,52.11569,201.01073,3405,3204.15,200.85
32,23,1,-101.41859,39.67253,53.37287,198.23169,3374,3222.9,151.1
33,23,1,-101.59385,39.73958,44.25118,203.15585,3509,3293.65,215.35
34,23,1,-101.61762,39.68526,42.85724,199.47672,3485,3329.4,155.6
35,23,1,-101.58475,39.6925,44.61671,199.91013,3491,3305.15,185.85
36,23,1,-101.66424,39.73233,40.50639,202.79491,3520,3319.2,200.8
37,23,1,-101.69015,39.70151,39.05595,200.73232,3492,3341.6,150.4
38,23,1,-101.74397,39.70508,36.21449,201.08405,3530,3373.15,156.85
39,23,1,-101.6903,39.67253,38.97412,198.7455,3502,3366.58,135.42
40,23,1,-101.80513,39.69414,32.94634,200.4574,3520,3394.85,125.15
41,23,1,-101.91956,39.70513,26.91493,201.44768,3403,3387.22,15.78
42,23,1,-101.88019,39.6796,28.93127,199.61497,3571,3428.93,142.07
43,23,1,-101.96152,39.66535,24.58318,198.80919,3552,3453.26,98.74
44,23,1,-102.00586,39.68001,22.27446,199.90916,3487.8,3469.2,18.6
45,23,1,-101.45875,39.61823,51.11561,194.58136,3397,3244.9,152.1
46,23,1,-101.53602,39.6237,47.03086,195.10007,3390,3312.5,77.5
47,23,1,-101.57125,39.6074,45.12255,194.04909,3437,3339.4,97.6
48,23,1,-101.55969,39.58568,45.68245,192.5378,3460,3342.3,117.7
49,23,1,-101.67412,39.63089,39.72585,195.8586,3530,3377.36,152.64
50,23,1,-101.74918,39.61267,35.69878,194.75821,3630,3413.92,216.08
51,23,1,-101.64859,39.58564,40.96551,192.70605,3533,3400.87,132.13
52,23,1,-101.82181,39.64515,31.933,197.13242,3653,3445.13,207.87
53,23,1,-101.79609,39.62163,33.23453,195.46733,3650,3423.8,226.2
54,23,1,-101.80326,39.59623,32.78741,193.74037,3658,3453.82,204.18
55,23,1,-101.86645,39.6342,29.53741,196.47363,3679,3467.12,211.88
56,23,1,-101.93856,39.6036,25.63076,194.52692,3742,3516.65,225.35
57,23,1,-102.03407,39.65469,20.70889,198.2343,3515,3497.14,17.86
58,23,1,-102.01079,39.61651,21.83602,195.56645,3687,3533.45,153.55
59,23,1,-101.99224,39.5711,22.69358,192.41327,3800,3587.21,212.79
61,39,1,-100.2762,39.96229,114.35582,216.42046,2413,2381.47,31.53
62,39,1,-100.55711,39.99137,99.57481,218.75893,2539,2507.38,31.62
63,39,1,-100.61963,39.95335,96.20944,216.23335,2572,2547.95,24.05
64,39,1,-100.66652,39.91722,93.66951,213.81834,2610,2574.92,35.08
65,39,1,-100.21342,39.90013,117.58112,212.08537,2509,2423.77,85.23
66,39,1,-100.40942,39.88615,107.20194,211.35425,2487,2457.06,29.94
67,39,1,-100.53426,39.86638,100.57094,210.15475,2682.2,2587.45,94.75
68,39,1,-100.65517,39.84467,94.14078,208.82616,2835,2697.79,137.21
69,39,2,-100.29095,39.76288,113.2792,202.75702,2610,2484.03,125.97
70,39,1,-100.50634,39.81746,101.96583,206.76294,2571,2526.15,44.85
71,39,1,-100.4947,39.75223,102.4742,202.27351,2749,2606.34,142.66
72,39,1,-100.53204,39.81385,100.60022,206.54837,2556.1,2524.3,31.8
73,39,1,-100.59952,39.78846,96.98643,204.8952,2587,2562.42,24.58
74,39,1,-100.61834,39.74314,95.91154,201.81171,2633,2606.08,26.92
75,39,1,-100.68098,39.82113,92.73382,207.24669,2807,2705.94,101.06
76,39,1,-100.25625,39.71366,115.04419,199.34091,2455.7,2423.76,31.94
77,39,1,-100.27961,39.68662,113.76634,197.51254,2464,2446.82,17.18
78,39,1,-100.37057,39.70309,108.9708,198.74921,2648,2542.83,105.17
79,39,1,-100.36606,39.66865,109.15633,196.38132,2528,2508.55,19.45
80,39,1,-100.44313,39.71227,105.14063,199.46748,2700,2607.78,92.22
81,39,1,-100.49956,39.67074,102.08223,196.68979,2726,2634.8,91.2
82,39,1,-100.73971,39.72678,89.45439,200.85693,2697,2681.71,15.29
83,39,1,-100.25654,39.64838,114.933,194.86301,2607,2479.41,127.59
84,39,1,-100.20118,39.58455,117.77794,190.42242,2437,2413.43,23.57
85,39,1,-100.2453,39.56851,115.41256,189.37129,2475,2456.13,18.87
86,39,1,-100.36404,39.59976,109.15672,191.65317,2675,2576.33,98.67
87,39,1,-100.51601,39.63818,101.15601,194.47743,2644,2624,20
88,39,1,-100.4598,39.63984,104.13999,194.51997,2600,2589.1,10.9
89,39,1,-100.42476,39.61982,105.96646,193.10306,2723,2588.52,134.48
90,39,1,-100.48328,39.61635,102.85614,192.93822,2734,2632.35,101.65
91,39,1,-100.54639,39.63995,99.54774,194.63818,2670,2656.86,13.14
92,39,1,-100.57222,39.60368,98.116,192.18419,2686,2670.24,15.76
372,63,1,-100.21646,39.11801,116.29624,158.43758,2583,2519.86,63.14
373,63,1,-100.31539,39.10222,110.98627,157.46828,2713,2602.72,110.28
374,63,1,-100.27709,39.05323,112.96054,154.06345,2676,2598.77,77.23
375,63,1,-100.53506,39.12292,99.28117,159.1609,2844,2730.46,113.54
376,63,1,-100.63567,39.07461,93.82134,155.98224,2922,2791.71,130.29,
377,65,1,-99.70789,39.51014,143.8855,184.84438,2305,2202.84,102.16,
378,65,1,-99.82474,39.50962,137.67519,184.90807,2400,2291.48,108.52,
379,65,1,-99.77566,39.5044,140.2777,184.50719,2360,2245.68,114.32,
380,65,1,-99.8433,39.53688,136.72041,186.79459,2350,2292.09,57.91,
381,65,1,-100.00712,39.5083,127.98153,184.98848,2479,2379.82,99.18,
382,65,1,-100.02584,39.5083,126.98682,185.00719,2510,2386.94,123.06,
383,65,1,-99.95815,39.48111,130.55019,183.07536,2492,2345.45,146.55,
384,65,1,-100.12449,39.49912,121.73193,184.47917,2540,2432.69,107.31,
385,65,1,-100.08465,39.48283,123.82757,183.31992,2512,2413.21,98.79,
386,65,1,-99.7689,39.46276,140.59123,181.6449,2217,2208.17,8.83
387,65,1,-99.82513,39.43531,137.56968,179.81061,2295,2256.1,38.9,
388,65,1,-100.02854,39.45749,126.77754,181.52431,2519,2392.52,126.48,
389,65,1,-100.06855,39.43567,124.6209,180.06818,2495,2408.78,86.22,
390,65,1,-99.82602,39.26133,137.32347,167.87659,2416,2320.35,95.65,
391,65,1,-99.98757,39.26158,128.70849,168.04491,2491,2397.08,93.92,
392,65,1,-100.07212,39.26323,124.20194,168.24323,2534,2442.64,91.36
833,109,1,-100.87275,39.12706,81.24866,159.91974,3059,2947.33,111.67
834,109,1,-100.90789,39.08929,79.29759,157.38274,3073,2970.07,102.93
835,109,2,-101.3502,39.12752,55.74755,160.73698,3380,3217.5,162.5
836,109,2,-101.35723,39.12576,55.36806,160.62888,3386,3213.4,172.6
968,153,1,-101.05457,39.93148,73.20178,215.37129,2992,2877.99,114.01
969,153,1,-100.78796,39.90649,87.23461,213.25276,2665,2644.71,20.29
970,153,1,-100.87626,39.87556,82.50986,211.26065,2723,2699.77,23.23
971,153,1,-100.93171,39.85918,79.5468,210.22064,2735,2719.65,15.35
972,153,1,-101.19534,39.88636,65.67006,212.50679,3178,3025.41,152.59
973,153,1,-101.23537,39.83572,63.44318,209.10126,3064,3033.02,30.98
974,153,1,-101.30083,39.87394,60.06818,211.83514,3286,3095.45,190.55
975,153,1,-101.34746,39.87376,57.60354,211.90451,3334,3120.63,213.37
976,153,1,-101.41041,39.87533,54.2807,212.12453,3380,3150.02,229.98
977,153,1,-101.31028,39.84311,59.49897,209.73721,3263,3086.3,176.7
978,153,1,-101.0086,39.81563,75.39347,207.35251,2823,2792.52,30.48
979,153,1,-101.05071,39.80109,73.13605,206.42188,2855,2827.14,27.86
980,153,1,-101.12067,39.82828,69.49242,208.39978,2882,2866.14,15.86
981,153,1,-101.10698,39.76848,70.09028,204.27596,2900,2885.12,14.88
982,153,1,-101.14912,39.75039,67.8211,203.10432,2945,2926.47,18.53
983,153,1,-101.20512,39.77765,64.91588,205.06747,3001,2972.53,28.47
984,153,1,-101.33617,39.79229,58.0142,206.2972,3332,3110.55,221.45
985,153,1,-101.39223,39.78667,55.0352,206.01144,3375,3164.11,210.89
986,153,1,-100.80247,39.71053,86.09967,199.83231,2761,2748.01,12.99
987,153,1,-100.74224,39.67049,89.21709,196.99953,2755,2736.31,18.69
988,153,1,-101.05833,39.70148,72.52644,199.6022,3068,2982.37,85.63
989,153,1,-101.02575,39.67256,74.19326,197.56693,3125,2969.11,155.89
990,153,1,-101.14954,39.65979,67.6048,196.89149,3160,3040.31,119.69
991,153,1,-101.28733,39.72895,60.45597,201.86806,3252,3097.25,154.75
992,153,1,-101.189,39.70329,65.60748,199.94058,3002,2985.64,16.36
993,153,1,-101.26411,39.6709,61.55627,197.84683,3219,3065.02,153.98
994,153,1,-101.41117,39.74134,53.92708,202.93695,3370,3180.01,189.99
995,153,1,-100.7795,39.62883,87.16438,194.19531,2820,2774.26,45.74
996,153,1,-100.83062,39.59995,84.39804,192.28889,2865,2827.64,37.36
997,153,1,-100.76104,39.59792,88.08633,192.04869,2950,2827.94,122.06
998,153,1,-100.88162,39.61276,81.71686,193.24323,3020,2889.25,130.75
999,153,1,-101.04964,39.59284,72.76231,192.13731,3042,3021.97,20.03
1000,153,1,-101.09366,39.65436,70.55563,196.4274,3137,3020.96,116.04
1001,153,1,-101.13591,39.59095,68.18063,192.14781,3207,3071.9,135.1
1002,153,1,-101.23616,39.62732,62.94145,194.81029,3267,3099.42,167.58
1003,153,1,-101.37213,39.60562,55.68056,193.55966,3220,3199.99,20.01
1234,179,1,-100.3166,39.55436,111.60567,188.4828,2560,2525.1,34.9
1235,179,1,-100.3539,39.54172,109.60543,187.65971,2588,2567.24,20.76
1236,179,1,-100.37031,39.51633,108.69437,185.93782,2610,2579.19,30.81
1237,179,1,-100.32849,39.50352,110.89686,185.00931,2716,2556.56,159.44
1238,179,1,-100.44258,39.50382,104.83452,185.16824,2682,2635.22,46.78
1239,179,1,-100.54227,39.54387,99.60456,188.04247,2823,2691.91,131.09
1240,179,1,-100.50537,39.52395,101.53125,186.62839,2781,2678.71,102.29
1241,179,1,-100.56319,39.48397,98.39173,183.96124,2828,2723.47,104.53
1242,179,1,-100.64198,39.56361,94.34391,189.52928,2780,2757.17,22.83
1243,179,1,-100.61862,39.5383,95.54009,187.7616,2875,2748.33,126.67
1244,179,1,-100.64205,39.52555,94.27328,186.91888,2884,2774.77,109.23
1245,179,2,-100.61166,39.51113,95.86261,185.88857,2898,2759.77,138.23
1246,179,1,-100.25895,39.47969,114.55729,183.29419,2634,2504.24,129.76
1247,179,1,-100.17609,39.46282,118.93845,182.04451,2559,2460.59,98.41
1248,179,1,-100.21073,39.44486,117.07079,180.85069,2622,2479.78,142.22
1249,179,1,-100.27301,39.43435,113.74282,180.20013,2625,2501.7,123.3
1250,179,1,-100.23162,39.41411,115.91517,178.76468,2634,2479.55,154.45
1251,179,1,-100.28928,39.4344,112.87737,180.22231,2639,2510.14,128.86
1252,179,1,-100.47299,39.46033,103.14765,182.22333,2808,2647.37,160.63
1253,179,1,-100.494,39.43679,101.99171,180.63542,2800,2652.91,147.09
1254,179,1,-100.4498,39.43666,104.34249,180.57063,2774,2618.05,155.95
1255,179,1,-100.39178,39.40742,107.38273,178.49336,2725,2585.66,139.34
1256,179,1,-100.52165,39.47129,100.5786,183.03732,2838,2686.23,151.77
1257,179,1,-100.56099,39.4368,98.42858,180.72293,2860,2710.22,149.78
1258,179,1,-100.55182,39.40958,98.87034,178.8439,2869,2691.87,177.13
1259,179,1,-100.59567,39.42229,96.55903,179.77374,2886.6,2734.69,151.91
1260,179,1,-100.18348,39.35567,118.39418,174.70265,2398,2381.6,16.4
1261,179,1,-100.22962,39.3505,115.92953,174.39923,2447,2411.04,35.96
1262,179,1,-100.29894,39.36538,112.26002,175.49921,2504,2493.63,10.37
1263,179,1,-100.3457,39.3183,109.698,172.32497,2554,2534.14,19.86
1264,179,1,-100.45,39.37673,104.23516,176.46024,2766,2630,136
1265,179,1,-100.50569,39.38233,101.27975,176.91501,2823,2677.2,145.8
1266,179,1,-100.58202,39.33522,97.13605,173.78354,2844,2745.56,98.44
1267,179,1,-100.64469,39.36965,93.85859,176.22948,2941,2764,177
1268,179,1,-100.6097,39.35701,95.69942,175.31519,2891,2752.15,138.85
1269,179,1,-100.71011,39.33333,90.31005,173.82915,2962,2834.2,127.8
1270,179,1,-100.2924,39.27816,112.47791,169.509,2678,2567.69,110.31
1271,179,1,-100.3693,39.24936,108.33349,167.6246,2750,2621.46,128.54
1272,179,1,-100.45953,39.30049,103.60425,171.24298,2677,2650.01,26.99
1273,179,1,-100.49665,39.29516,101.61727,170.92456,2691,2682.67,8.33
1274,179,1,-100.58447,39.27718,96.90593,169.80618,2854,2754.57,99.43,
1275,179,1,-100.52679,39.24802,99.93206,167.73027,2863,2726.65,136.35,
1276,179,2,-100.64948,39.30621,93.49164,171.88503,2933,2790,143,
1277,179,1,-100.6752,39.26632,92.04995,169.18459,2882,2821.5,60.5,
1278,179,1,-100.31854,39.16743,110.91667,161.9446,2568,2548.2,19.8,
1279,179,1,-100.46231,39.15341,103.21741,161.15854,2691,2662.1,28.9,
1280,179,2,-100.58937,39.16293,96.44839,161.97681,2776,2762.26,13.74,
1281,179,1,-100.68463,39.19202,91.41414,164.10204,2930,2825.15,104.85,
1282,179,1,-100.68464,39.18115,91.39418,163.35661,2895.5,2826.68,68.82,
1283,181,1,-101.44459,39.56211,51.7339,190.70708,3424,3260.2,163.8,
1284,181,1,-101.4977,39.55307,48.89315,190.18529,3304,3294.5,9.5
1285,181,1,-101.45631,39.52587,51.0258,188.24353,3460,3287.1,172.9,
1286,181,1,-101.49096,39.52405,49.18134,188.18285,3476,3315.1,160.9,
1287,181,1,-101.56252,39.55123,45.44776,190.18095,3510,3345.75,164.25,
1288,181,1,-101.58351,39.51856,44.25284,187.9809,3407,3392.25,14.75,
1289,181,1,-101.66968,39.54023,39.73153,189.63351,3585,3437.49,147.51
1290,181,1,-101.76468,39.55092,34.71583,190.55556,3641,3480.58,160.42
1291,181,1,-101.82471,39.49637,31.38486,186.93774,3718,3553.2,164.8
1292,181,1,-101.76053,39.48926,34.77565,186.31969,3668,3513.37,154.63
1293,181,1,-101.84256,39.56708,30.62508,191.82243,3675,3517.08,157.92
1294,181,1,-101.90841,39.54917,27.08215,190.73161,3759,3569.03,189.97
1295,181,1,-101.93441,39.51477,25.60803,188.42812,3792,3611.7,180.3
1296,181,1,-101.8783,39.50009,28.54822,187.30367,3741,3578.89,162.11
1297,181,1,-101.96711,39.56748,24.01697,192.11134,3777,3579.38,197.62
1298,181,1,-102.04044,39.54582,20.06495,190.78448,3841,3632.14,208.86
1299,181,1,-101.99335,39.51125,22.46836,188.31265,3837,3644.19,192.81
1300,181,1,-102.04295,39.50588,19.81929,188.05193,3871,3671.3,199.7
1301,181,1,-101.46348,39.47874,50.53291,185.02501,3455,3317.23,137.77
1302,181,1,-101.48204,39.46966,49.52494,184.43678,3472,3333.8,138.2
1303,181,1,-101.41728,39.46248,52.94997,183.82552,3445,3288.8,156.2
1304,181,1,-101.47522,39.44791,49.83546,182.93269,3472,3335.51,136.49
1305,181,1,-101.68644,39.46581,38.65215,184.564,3589,3473.96,115.04
1306,181,1,-101.62331,39.43686,41.93498,182.45557,3587,3440.62,146.38
1307,181,1,-101.72423,39.41133,36.50347,180.90379,3643,3503.01,139.99
1308,181,1,-101.82031,39.47643,31.56581,185.56163,3722,3555.95,166.05
1309,181,1,-101.8139,39.42205,31.76271,181.82031,3708,3569.68,138.32
1310,181,1,-101.76109,39.40764,34.53346,180.72491,3650,3524.33,125.67
1311,181,1,-101.73808,39.40768,35.75742,180.68134,3643,3510.49,132.51
1312,181,1,-101.94638,39.46217,24.82813,184.84738,3840,3645.26,194.74
1313,181,1,-101.88793,39.46566,27.94381,184.96346,3770,3610.03,159.97
1314,181,1,-101.89508,39.44572,27.50986,183.61134,3775,3618.08,156.92
1315,181,1,-101.89997,39.41489,27.16651,181.50797,3774,3647.7,126.3
1316,181,1,-102.04313,39.45868,19.67677,184.81651,3903,3703.38,199.62
1317,181,1,-102.04085,39.43871,19.74179,183.44263,3864,3726.94,137.06
1318,181,1,-101.98902,39.4223,22.45147,182.20541,3862,3699.29,162.71
1319,181,1,-101.43147,39.39001,52.02509,178.8821,3476,3318.4,157.6
1320,181,1,-101.48715,39.38986,49.06211,178.97443,3506,3365.33,140.67
1321,181,1,-101.46423,39.33735,50.15672,175.3316,3496,3355.28,140.72
1322,181,1,-101.45495,39.33376,50.64236,175.06825,3482,3351.64,130.36
1323,181,1,-101.47362,39.321,49.61774,174.22791,3468,3370.93,97.07
1324,181,1,-101.58661,39.35161,43.67566,176.53969,3603,3440.8,162.2
1325,181,1,-101.50595,39.34991,47.96551,176.27036,3513,3389.79,123.21
1326,181,1,-101.56598,39.32986,44.72049,175.009,3587,3441.7,145.3
1327,181,1,-101.69406,39.35149,37.95541,176.741,3672,3488.6,183.4
1328,181,1,-101.65425,39.3352,40.03354,175.54578,3647,3467.7,179.3
1329,181,1,-101.68245,39.32791,38.51342,175.10149,3660,3490.4,169.6
1330,181,1,-101.73138,39.37141,36.0202,178.18118,3670,3500.85,169.15
1331,181,1,-101.81221,39.35315,31.67053,177.09312,3727,3595.35,131.65
1332,181,3,-101.81694,39.34045,31.38518,176.23216,3719,3598.92,120.08
1333,181,1,-101.81697,39.33683,31.37397,175.98398,3716,3601.43,114.57
1334,181,1,-101.80077,39.34229,32.25087,176.32513,3668,3595.2,72.8
1335,181,1,-101.72689,39.34964,36.20305,176.67961,3692,3506.56,185.44
1336,181,1,-101.72929,39.33331,36.03314,175.56479,3701,3518.5,182.5
1337,181,1,-101.76177,39.30969,34.24227,174.01089,3732,3558.36,173.64
1338,181,1,-101.92596,39.35688,25.6261,177.58594,3843,3699.9,143.1
1339,181,1,-101.85405,39.3332,29.39015,175.81178,3754,3638.9,115.1
1340,181,1,-102.02217,39.39149,20.60259,180.16501,3912,3730.7,181.3
1341,181,1,-101.98932,39.35333,22.24408,177.47783,3859,3736.95,122.05
1342,181,1,-102.05062,39.34978,19.30151,177.36766,3929,3757.81,171.19
1343,181,1,-102.03183,39.3316,19.92053,176.08041,3904,3779.74,124.26
1344,181,1,-102.04842,39.30802,19.2008,174.50024,3872,3795.33,76.67
1345,181,1,-101.99423,39.30977,21.86174,174.50229,3914,3765.3,148.7
1346,181,1,-101.645,39.30617,40.45297,173.53732,3646,3477.83,168.17
1347,181,1,-101.70383,39.27709,37.24487,171.65956,3697,3544.55,152.45
1348,181,1,-101.81748,39.28062,31.19815,172.13147,3773,3617.33,155.67
1349,181,1,-101.81285,39.28062,31.44484,172.12192,3766,3599.03,166.97
1350,181,1,-101.73894,39.26436,35.34099,170.85701,3722,3561.02,160.98
1351,181,1,-101.81777,39.24798,31.09635,169.89441,3782,3625.61,156.39
1352,181,1,-101.91937,39.29336,25.80398,173.21733,3860,3693.93,166.07
1353,181,1,-101.87312,39.27519,28.21891,171.87453,3835,3662.97,172.03
1354,181,1,-101.89418,39.24799,27.0232,170.05399,3854,3671.31,182.69
1355,181,1,-101.88734,39.23348,27.34864,169.04491,3841,3688.51,152.49
1356,181,1,-102.02493,39.29166,20.17598,173.32742,3943,3787.57,155.43
1357,181,1,-101.98494,39.27891,22.27091,172.36679,3923,3756.47,166.53
1358,181,1,-101.96847,39.27707,23.14339,172.20526,3901,3734.47,166.53
1359,181,2,-102.01562,39.26442,20.5958,171.43996,3943,3798.8,144.2
1360,181,1,-101.97573,39.23352,22.63613,169.2354,3916,3776.52,139.48
1361,181,1,-101.41834,39.17634,52.22285,164.2074,3421,3228.2,192.8
1362,181,1,-101.76717,39.19904,33.66611,166.43591,3624,3607.38,16.62
1363,181,1,-101.88543,39.18087,27.30863,165.43434,3762,3741.07,20.93
1364,181,1,-102.02304,39.17548,19.95131,165.3593,3963,3856.71,106.29
1365,181,1,-101.96188,39.17543,23.21457,165.22356,3903,3804.65,98.35
1492,193,1,-100.76085,39.56351,88.03283,189.68837,2957,2836.92,120.08
1493,193,1,-100.79106,39.48208,86.27667,184.14677,2916,2885.06,30.94
1494,193,1,-100.84868,39.54387,83.33239,188.46915,3020,2900.01,119.99
1495,193,1,-100.91826,39.49689,79.54514,185.35164,3077,2952.62,124.38
1496,193,1,-100.88593,39.48595,81.24179,184.55247,3032,2938.17,93.83
1497,193,1,-101.05375,39.55295,72.46165,189.40816,3177,3039.65,137.35
1498,193,1,-100.96238,39.51143,77.2298,186.41675,2997,2982.7,14.3
1499,193,1,-101.04927,39.48779,72.56495,184.9323,3065,3050.14,14.86
1500,193,1,-101.08387,39.54025,70.83594,188.58569,3218,3054.77,163.23
1501,193,1,-101.14636,39.52933,67.49432,187.93924,3261,3103.2,157.8
1502,193,1,-101.19506,39.55477,64.96323,189.7653,3245,3114.9,130.1
1503,193,1,-101.19294,39.50582,64.96938,186.40483,3300,3145.6,154.4
1504,193,1,-101.38687,39.56208,54.79759,190.60039,3408,3217.08,190.92
1505,193,1,-101.30483,39.54773,59.11987,189.47089,3360,3189.72,170.28
1506,193,1,-101.38002,39.49873,55.01444,186.24393,3417,3262.54,154.46
1507,193,1,-101.31917,39.48425,58.21449,185.14299,3334,3232.42,101.58
1508,193,1,-100.93009,39.46246,78.84848,183.00844,3056,2977.47,78.53
1509,193,1,-100.8328,39.45141,83.99976,182.10432,3037,2917,120
1510,193,1,-101.04701,39.46244,72.63266,183.19026,3203,3037.26,165.74
1511,193,1,-101.00739,39.42804,74.66895,180.76814,3141,3024.3,116.7
1512,193,1,-100.96316,39.40265,76.97072,178.95763,3145,2994.66,150.34
1513,193,1,-101.14662,39.46591,67.34478,183.59052,3224,3124.89,99.11
1514,193,1,-101.05648,39.42261,72.04672,180.4738,3167,3052.24,114.76
1515,193,1,-101.07967,39.41351,70.79427,179.88715,3177,3067.45,109.55
1516,193,1,-101.23984,39.45334,62.36182,182.88557,3315,3185.43,129.57
1517,193,1,-101.37084,39.43897,55.36419,182.12965,3417,3271.83,145.17
1518,193,1,-101.31485,39.40085,58.25497,179.41635,3341,3252.05,88.95
1519,193,1,-100.7681,39.38056,87.30879,177.15088,3003,2872.69,130.31
1520,193,1,-100.80529,39.33718,85.24763,174.22964,3026,2911.28,114.72
1521,193,1,-100.93537,39.37905,78.40262,177.29623,3102,2982.9,119.1
1522,193,1,-100.84002,39.36988,83.46031,176.52344,3057,2943.35,113.65
1523,193,1,-100.8728,39.32822,81.63478,173.71512,3078,2962.4,115.6
1524,193,1,-100.97264,39.38271,76.42622,177.60487,3141,2995.2,145.8
1525,193,1,-101.0403,39.37916,72.81794,177.4682,3194,3038.72,155.28
1526,193,1,-100.99865,39.31932,74.91335,173.29839,3168,3018.5,149.5
1527,193,1,-101.06816,39.39181,71.36143,178.38045,3179,3055.28,123.72
1528,193,1,-101.16547,39.38434,66.16714,178.02809,3266,3128.2,137.8
1529,193,1,-101.08918,39.34107,70.13652,174.93497,3232,3057.67,174.33
1530,193,2,-101.37809,39.36474,54.80698,177.05264,3428,3299.66,128.34
1531,193,1,-100.77522,39.2918,86.76484,171.07378,2999,2910.8,88.2
1532,193,1,-100.76366,39.26097,87.32386,168.9427,2990,2905.18,84.82
1533,193,1,-100.89869,39.28836,80.17787,171.02068,3043,2966.2,76.8
1534,193,1,-100.88492,39.24303,80.82378,167.8911,3076,2959,117
1535,193,1,-100.98964,39.27218,75.29806,170.05145,3135,3005.84,129.16
1536,193,1,-100.96434,39.23947,76.58128,167.76878,3145,2994.58,150.42
1537,193,1,-101.04777,39.24157,72.13621,168.04466,3216,3014.7,201.3
1538,193,1,-100.96439,39.23222,76.56408,167.27162,3145,2992.2,152.8
1539,193,1,-101.0569,39.28866,71.74692,171.28859,3199,3043.62,155.38
1540,193,1,-101.24327,39.22663,61.67787,167.34541,3361,3174,187
1541,193,1,-100.74054,39.16128,88.37382,162.0726,2891,2880.28,10.72
1542,193,1,-100.90149,39.21221,79.87989,165.80264,3091,2970.65,120.35
1543,193,1,-100.91598,39.15056,78.98564,161.59683,3064,2970.1,93.9
1544,193,1,-100.99001,39.21057,75.1538,165.82703,3145,2996.5,148.5
1545,193,1,-101.05264,39.16737,71.72309,162.96425,3161,3056.25,104.75
1546,193,1,-100.99954,39.16168,74.54624,162.48935,3119,3014.98,104.02
1547,193,1,-101.07109,39.1999,70.80587,165.22482,3220,3039.5,180.5
1548,193,1,-101.28808,39.14139,59.09651,161.5782,3359,3187.24,171.76
1767,199,2,-101.51474,39.04727,46.76602,155.53662,3372,3231.9,140.1
1550,199,1,-102.0005,39.10459,20.95668,160.45091,3953,3845.56,107.44